7558
7616
7631
7635
7641
7653
7656
7662
7665
7670
7670
7676
7678
7682
7686
7688
7690
7693
7698
7702
7703
7704
7704
7708
7709
7715
7716
7719
7722
7731
7733
7734
7737
7738
7741
7742
7746
7748
7749
7751
7751
7754
7754
7755
7757
7757
7758
7760
7761
7763
7768
7770
7773
7774
7776
7777
7780
7781
7798
7802
7805
7806
7809
7810
7810
7810
7811
7812
7813
7816
7817
7819
7820
7823
7825
7829
7830
7833
7842
7842
7844
7844
7846
7854
7855
7862
7864
7866
7867
7868
7873
7879
7879
7881
7882
7892
7918
7923
7923
7958